    -0.922489    -0.385730   -0.0150231      0.00000      0.00000      0.00000
     0.386022    -0.921805   -0.0355183      0.00000      0.00000      0.00000
 -0.000147900   -0.0385645     0.999256      0.00000      0.00000      0.00000
 -6.78318e-05  0.000162223 -2.14276e-14    -0.922489    -0.385730   -0.0150231
 -0.000162102 -6.78833e-05  5.77576e-14     0.386022    -0.921805   -0.0355183
 -6.78169e-06  2.60088e-08  1.73083e-15 -0.000147900   -0.0385645     0.999256
    -0.928870    -0.370102   -0.0150231      0.00000      0.00000      0.00000
     0.370406    -0.928191   -0.0355183      0.00000      0.00000      0.00000
 -0.000798891   -0.0385565     0.999256      0.00000      0.00000      0.00000
 -6.50837e-05  0.000163345 -2.14276e-14    -0.928870    -0.370102   -0.0150231
 -0.000163225 -6.51371e-05  5.77577e-14     0.370406    -0.928191   -0.0355183
 -6.78029e-06  1.40488e-07  1.73084e-15 -0.000798891   -0.0385565     0.999256
    -0.934985    -0.354369   -0.0150231      0.00000      0.00000      0.00000
     0.354685    -0.934311   -0.0355183      0.00000      0.00000      0.00000
  -0.00144965   -0.0385375     0.999256      0.00000      0.00000      0.00000
 -6.23170e-05  0.000164420 -2.14275e-14    -0.934985    -0.354369   -0.0150231
 -0.000164302 -6.23724e-05  5.77578e-14     0.354685    -0.934311   -0.0355183
 -6.77695e-06  2.54926e-07  1.73084e-15  -0.00144965   -0.0385375     0.999256
    -0.940834    -0.338535   -0.0150231      0.00000      0.00000      0.00000
     0.338862    -0.940166   -0.0355183      0.00000      0.00000      0.00000
  -0.00210000   -0.0385076     0.999256      0.00000      0.00000      0.00000
 -5.95325e-05  0.000165449 -2.14275e-14    -0.940834    -0.338535   -0.0150231
 -0.000165331 -5.95899e-05  5.77578e-14     0.338862    -0.940166   -0.0355183
 -6.77168e-06  3.69293e-07  1.73084e-15  -0.00210000   -0.0385076     0.999256
    -0.946415    -0.322605   -0.0150231      0.00000      0.00000      0.00000
     0.322942    -0.945752   -0.0355183      0.00000      0.00000      0.00000
  -0.00274976   -0.0384666     0.999256      0.00000      0.00000      0.00000
 -5.67311e-05  0.000166430 -2.14274e-14    -0.946415    -0.322605   -0.0150231
 -0.000166314 -5.67905e-05  5.77579e-14     0.322942    -0.945752   -0.0355183
 -6.76448e-06  4.83553e-07  1.73084e-15  -0.00274976   -0.0384666     0.999256
    -0.951726    -0.306582   -0.0150231      0.00000      0.00000      0.00000
     0.306931    -0.951069   -0.0355183      0.00000      0.00000      0.00000
  -0.00339872   -0.0384147     0.999256      0.00000      0.00000      0.00000
 -5.39134e-05  0.000167364 -2.14274e-14    -0.951726    -0.306582   -0.0150231
 -0.000167249 -5.39748e-05  5.77579e-14     0.306931    -0.951069   -0.0355183
 -6.75536e-06  5.97677e-07  1.73085e-15  -0.00339872   -0.0384147     0.999256
    -0.956765    -0.290472   -0.0150231      0.00000      0.00000      0.00000
     0.290832    -0.956115   -0.0355183      0.00000      0.00000      0.00000
  -0.00404672   -0.0383519     0.999256      0.00000      0.00000      0.00000
 -5.10805e-05  0.000168250 -2.14274e-14    -0.956765    -0.290472   -0.0150231
 -0.000168136 -5.11438e-05  5.77580e-14     0.290832    -0.956115   -0.0355183
 -6.74431e-06  7.11629e-07  1.73085e-15  -0.00404672   -0.0383519     0.999256
    -0.961533    -0.274280   -0.0150231      0.00000      0.00000      0.00000
     0.274651    -0.960888   -0.0355183      0.00000      0.00000      0.00000
  -0.00469357   -0.0382781     0.999256      0.00000      0.00000      0.00000
 -4.82329e-05  0.000169089 -2.14273e-14    -0.961533    -0.274280   -0.0150231
 -0.000168975 -4.82982e-05  5.77580e-14     0.274651    -0.960888   -0.0355183
 -6.73133e-06  8.25379e-07  1.73085e-15  -0.00469357   -0.0382781     0.999256
    -0.966026    -0.258009   -0.0150231      0.00000      0.00000      0.00000
     0.258391    -0.965387   -0.0355183      0.00000      0.00000      0.00000
  -0.00533908   -0.0381934     0.999256      0.00000      0.00000      0.00000
 -4.53717e-05  0.000169879 -2.14273e-14    -0.966026    -0.258009   -0.0150231
 -0.000169766 -4.54388e-05  5.77581e-14     0.258391    -0.965387   -0.0355183
 -6.71644e-06  9.38894e-07  1.73085e-15  -0.00533908   -0.0381934     0.999256
    -0.970244    -0.241664   -0.0150231      0.00000      0.00000      0.00000
     0.242057    -0.969612   -0.0355183      0.00000      0.00000      0.00000
  -0.00598306   -0.0380979     0.999256      0.00000      0.00000      0.00000
 -4.24975e-05  0.000170620 -2.14272e-14    -0.970244    -0.241664   -0.0150231
 -0.000170509 -4.25665e-05  5.77582e-14     0.242057    -0.969612   -0.0355183
 -6.69963e-06  1.05214e-06  1.73086e-15  -0.00598306   -0.0380979     0.999256
    -0.974185    -0.225251   -0.0150231      0.00000      0.00000      0.00000
     0.225654    -0.973560   -0.0355183      0.00000      0.00000      0.00000
  -0.00662534   -0.0379914     0.999256      0.00000      0.00000      0.00000
 -3.96111e-05  0.000171314 -2.14272e-14    -0.974185    -0.225251   -0.0150231
 -0.000171204 -3.96820e-05  5.77582e-14     0.225654    -0.973560   -0.0355183
 -6.68092e-06  1.16509e-06  1.73086e-15  -0.00662534   -0.0379914     0.999256
    -0.977849    -0.208774   -0.0150231      0.00000      0.00000      0.00000
     0.209188    -0.977230   -0.0355183      0.00000      0.00000      0.00000
  -0.00726573   -0.0378742     0.999256      0.00000      0.00000      0.00000
 -3.67136e-05  0.000171958 -2.14271e-14    -0.977849    -0.208774   -0.0150231
 -0.000171849 -3.67863e-05  5.77583e-14     0.209188    -0.977230   -0.0355183
 -6.66030e-06  1.27770e-06  1.73086e-15  -0.00726573   -0.0378742     0.999256
    -0.981234    -0.192237   -0.0150231      0.00000      0.00000      0.00000
     0.192661    -0.980622   -0.0355183      0.00000      0.00000      0.00000
  -0.00790405   -0.0377461     0.999256      0.00000      0.00000      0.00000
 -3.38055e-05  0.000172553 -2.14271e-14    -0.981234    -0.192237   -0.0150231
 -0.000172446 -3.38801e-05  5.77583e-14     0.192661    -0.980622   -0.0355183
 -6.63778e-06  1.38995e-06  1.73086e-15  -0.00790405   -0.0377461     0.999256
    -0.984339    -0.175645   -0.0150231      0.00000      0.00000      0.00000
     0.176080    -0.983735   -0.0355183      0.00000      0.00000      0.00000
  -0.00854012   -0.0376073     0.999256      0.00000      0.00000      0.00000
 -3.08878e-05  0.000173099 -2.14270e-14    -0.984339    -0.175645   -0.0150231
 -0.000172993 -3.09642e-05  5.77584e-14     0.176080    -0.983735   -0.0355183
 -6.61337e-06  1.50181e-06  1.73087e-15  -0.00854012   -0.0376073     0.999256
    -0.987164    -0.159003   -0.0150231      0.00000      0.00000      0.00000
     0.159448    -0.986567   -0.0355183      0.00000      0.00000      0.00000
  -0.00917376   -0.0374578     0.999256      0.00000      0.00000      0.00000
 -2.79613e-05  0.000173596 -2.14270e-14    -0.987164    -0.159003   -0.0150231
 -0.000173491 -2.80394e-05  5.77585e-14     0.159448    -0.986567   -0.0355183
 -6.58707e-06  1.61324e-06  1.73087e-15  -0.00917376   -0.0374578     0.999256
    -0.989707    -0.142316   -0.0150231      0.00000      0.00000      0.00000
     0.142771    -0.989118   -0.0355183      0.00000      0.00000      0.00000
  -0.00980478   -0.0372976     0.999256      0.00000      0.00000      0.00000
 -2.50268e-05  0.000174043 -2.14270e-14    -0.989707    -0.142316   -0.0150231
 -0.000173940 -2.51067e-05  5.77585e-14     0.142771    -0.989118   -0.0355183
 -6.55890e-06  1.72420e-06  1.73087e-15  -0.00980478   -0.0372976     0.999256
    -0.991969    -0.125589   -0.0150231      0.00000      0.00000      0.00000
     0.126053    -0.991387   -0.0355183      0.00000      0.00000      0.00000
   -0.0104330   -0.0371268     0.999256      0.00000      0.00000      0.00000
 -2.20852e-05  0.000174441 -2.14269e-14    -0.991969    -0.125589   -0.0150231
 -0.000174339 -2.21668e-05  5.77586e-14     0.126053    -0.991387   -0.0355183
 -6.52886e-06  1.83468e-06  1.73088e-15   -0.0104330   -0.0371268     0.999256
    -0.993947    -0.108825   -0.0150231      0.00000      0.00000      0.00000
     0.109299    -0.993374   -0.0355183      0.00000      0.00000      0.00000
   -0.0110583   -0.0369453     0.999256      0.00000      0.00000      0.00000
 -1.91373e-05  0.000174789 -2.14269e-14    -0.993947    -0.108825   -0.0150231
 -0.000174688 -1.92207e-05  5.77586e-14     0.109299    -0.993374   -0.0355183
 -6.49696e-06  1.94463e-06  1.73088e-15   -0.0110583   -0.0369453     0.999256
    -0.995643   -0.0920309   -0.0150231      0.00000      0.00000      0.00000
    0.0925146    -0.995078   -0.0355183      0.00000      0.00000      0.00000
   -0.0116804   -0.0367534     0.999256      0.00000      0.00000      0.00000
 -1.61839e-05  0.000175087 -2.14268e-14    -0.995643   -0.0920309   -0.0150231
 -0.000174988 -1.62690e-05  5.77587e-14    0.0925146    -0.995078   -0.0355183
 -6.46321e-06  2.05403e-06  1.73088e-15   -0.0116804   -0.0367534     0.999256
    -0.997055   -0.0752103   -0.0150231      0.00000      0.00000      0.00000
    0.0757034    -0.996498   -0.0355183      0.00000      0.00000      0.00000
   -0.0122991   -0.0365510     0.999256      0.00000      0.00000      0.00000
 -1.32260e-05  0.000175335 -2.14268e-14    -0.997055   -0.0752103   -0.0150231
 -0.000175237 -1.33127e-05  5.77587e-14    0.0757034    -0.996498   -0.0355183
 -6.42761e-06  2.16284e-06  1.73088e-15   -0.0122991   -0.0365510     0.999256
    -0.998182   -0.0583682   -0.0150231      0.00000      0.00000      0.00000
    0.0588706    -0.997634   -0.0355183      0.00000      0.00000      0.00000
   -0.0129144   -0.0363382     0.999256      0.00000      0.00000      0.00000
 -1.02642e-05  0.000175534 -2.14267e-14    -0.998182   -0.0583682   -0.0150231
 -0.000175437 -1.03526e-05  5.77588e-14    0.0588706    -0.997634   -0.0355183
 -6.39018e-06  2.27104e-06  1.73089e-15   -0.0129144   -0.0363382     0.999256
    -0.999025   -0.0415094   -0.0150231      0.00000      0.00000      0.00000
    0.0420211    -0.998485   -0.0355183      0.00000      0.00000      0.00000
   -0.0135260   -0.0361150     0.999256      0.00000      0.00000      0.00000
 -7.29956e-06  0.000175682 -2.14267e-14    -0.999025   -0.0415094   -0.0150231
 -0.000175587 -7.38955e-06  5.77589e-14    0.0420211    -0.998485   -0.0355183
 -6.35093e-06  2.37859e-06  1.73089e-15   -0.0135260   -0.0361150     0.999256
    -0.999584   -0.0246388   -0.0150231      0.00000      0.00000      0.00000
    0.0251596    -0.999052   -0.0355183      0.00000      0.00000      0.00000
   -0.0141337   -0.0358815     0.999256      0.00000      0.00000      0.00000
 -4.33282e-06  0.000175780 -2.14267e-14    -0.999584   -0.0246388   -0.0150231
 -0.000175687 -4.42439e-06  5.77589e-14    0.0251596    -0.999052   -0.0355183
 -6.30988e-06  2.48546e-06  1.73089e-15   -0.0141337   -0.0358815     0.999256
    -0.999857  -0.00776126   -0.0150231      0.00000      0.00000      0.00000
   0.00829087    -0.999335   -0.0355183      0.00000      0.00000      0.00000
   -0.0147374   -0.0356378     0.999256      0.00000      0.00000      0.00000
 -1.36484e-06  0.000175828 -2.14266e-14    -0.999857  -0.00776126   -0.0150231
 -0.000175736 -1.45798e-06  5.77590e-14   0.00829087    -0.999335   -0.0355183
 -6.26702e-06  2.59163e-06  1.73089e-15   -0.0147374   -0.0356378     0.999256
    -0.999846   0.00911854   -0.0150231      0.00000      0.00000      0.00000
  -0.00858018    -0.999332   -0.0355183      0.00000      0.00000      0.00000
   -0.0153369   -0.0353839     0.999256      0.00000      0.00000      0.00000
  1.60353e-06  0.000175826 -2.14266e-14    -0.999846   0.00911854   -0.0150231
 -0.000175736  1.50885e-06  5.77590e-14  -0.00858018    -0.999332   -0.0355183
 -6.22238e-06  2.69705e-06  1.73090e-15   -0.0153369   -0.0353839     0.999256
    -0.999549    0.0259957   -0.0150231      0.00000      0.00000      0.00000
   -0.0254488    -0.999045   -0.0355183      0.00000      0.00000      0.00000
   -0.0159321   -0.0351200     0.999256      0.00000      0.00000      0.00000
  4.57144e-06  0.000175774 -2.14265e-14    -0.999549    0.0259957   -0.0150231
 -0.000175685  4.47525e-06  5.77591e-14   -0.0254488    -0.999045   -0.0355183
 -6.17596e-06  2.80171e-06  1.73090e-15   -0.0159321   -0.0351200     0.999256
    -0.998968    0.0428655   -0.0150231      0.00000      0.00000      0.00000
   -0.0423102    -0.998473   -0.0355183      0.00000      0.00000      0.00000
   -0.0165227   -0.0348460     0.999256      0.00000      0.00000      0.00000
  7.53804e-06  0.000175672 -2.14265e-14    -0.998968    0.0428655   -0.0150231
 -0.000175585  7.44038e-06  5.77591e-14   -0.0423102    -0.998473   -0.0355183
 -6.12779e-06  2.90556e-06  1.73090e-15   -0.0165227   -0.0348460     0.999256
    -0.998102    0.0597231   -0.0150231      0.00000      0.00000      0.00000
   -0.0591595    -0.997616   -0.0355183      0.00000      0.00000      0.00000
   -0.0171086   -0.0345621     0.999256      0.00000      0.00000      0.00000
  1.05025e-05  0.000175519 -2.14264e-14    -0.998102    0.0597231   -0.0150231
 -0.000175434  1.04034e-05  5.77592e-14   -0.0591595    -0.997616   -0.0355183
 -6.07786e-06  3.00859e-06  1.73091e-15   -0.0171086   -0.0345621     0.999256
    -0.996952    0.0765637   -0.0150231      0.00000      0.00000      0.00000
   -0.0759919    -0.996476   -0.0355183      0.00000      0.00000      0.00000
   -0.0176896   -0.0342684     0.999256      0.00000      0.00000      0.00000
  1.34640e-05  0.000175317 -2.14264e-14    -0.996952    0.0765637   -0.0150231
 -0.000175233  1.33634e-05  5.77593e-14   -0.0759919    -0.996476   -0.0355183
 -6.02621e-06  3.11077e-06  1.73091e-15   -0.0176896   -0.0342684     0.999256
    -0.995517    0.0933824   -0.0150231      0.00000      0.00000      0.00000
   -0.0928027    -0.995051   -0.0355183      0.00000      0.00000      0.00000
   -0.0182655   -0.0339649     0.999256      0.00000      0.00000      0.00000
  1.64216e-05  0.000175065 -2.14263e-14    -0.995517    0.0933824   -0.0150231
 -0.000174983  1.63197e-05  5.77593e-14   -0.0928027    -0.995051   -0.0355183
 -5.97284e-06  3.21205e-06  1.73091e-15   -0.0182655   -0.0339649     0.999256
    -0.993799     0.110175   -0.0150231      0.00000      0.00000      0.00000
    -0.109587    -0.993342   -0.0355183      0.00000      0.00000      0.00000
   -0.0188363   -0.0336517     0.999256      0.00000      0.00000      0.00000
  1.93745e-05  0.000174763 -2.14263e-14    -0.993799     0.110175   -0.0150231
 -0.000174682  1.92712e-05  5.77594e-14    -0.109587    -0.993342   -0.0355183
 -5.91776e-06  3.31242e-06  1.73091e-15   -0.0188363   -0.0336517     0.999256
    -0.991797     0.126935   -0.0150231      0.00000      0.00000      0.00000
    -0.126340    -0.991351   -0.0355183      0.00000      0.00000      0.00000
   -0.0194017   -0.0333289     0.999256      0.00000      0.00000      0.00000
  2.23220e-05  0.000174411 -2.14263e-14    -0.991797     0.126935   -0.0150231
 -0.000174332  2.22173e-05  5.77594e-14    -0.126340    -0.991351   -0.0355183
 -5.86100e-06  3.41185e-06  1.73092e-15   -0.0194017   -0.0333289     0.999256
    -0.989513     0.143660   -0.0150231      0.00000      0.00000      0.00000
    -0.143057    -0.989077   -0.0355183      0.00000      0.00000      0.00000
   -0.0199616   -0.0329967     0.999256      0.00000      0.00000      0.00000
  2.52630e-05  0.000174009 -2.14262e-14    -0.989513     0.143660   -0.0150231
 -0.000173932  2.51571e-05  5.77595e-14    -0.143057    -0.989077   -0.0355183
 -5.80257e-06  3.51030e-06  1.73092e-15   -0.0199616   -0.0329967     0.999256
    -0.986947     0.160343   -0.0150231      0.00000      0.00000      0.00000
    -0.159734    -0.986521   -0.0355183      0.00000      0.00000      0.00000
   -0.0205157   -0.0326550     0.999256      0.00000      0.00000      0.00000
  2.81969e-05  0.000173558 -2.14262e-14    -0.986947     0.160343   -0.0150231
 -0.000173483  2.80897e-05  5.77595e-14    -0.159734    -0.986521   -0.0355183
 -5.74249e-06  3.60776e-06  1.73092e-15   -0.0205157   -0.0326550     0.999256
    -0.984100     0.176981   -0.0150231      0.00000      0.00000      0.00000
    -0.176364    -0.983684   -0.0355183      0.00000      0.00000      0.00000
   -0.0210641   -0.0323040     0.999256      0.00000      0.00000      0.00000
  3.11227e-05  0.000173057 -2.14261e-14    -0.984100     0.176981   -0.0150231
 -0.000172984  3.10142e-05  5.77596e-14    -0.176364    -0.983684   -0.0355183
 -5.68077e-06  3.70418e-06  1.73092e-15   -0.0210641   -0.0323040     0.999256
    -0.980972     0.193569   -0.0150231      0.00000      0.00000      0.00000
    -0.192945    -0.980567   -0.0355183      0.00000      0.00000      0.00000
   -0.0216064   -0.0319438     0.999256      0.00000      0.00000      0.00000
  3.40397e-05  0.000172507 -2.14261e-14    -0.980972     0.193569   -0.0150231
 -0.000172436  3.39300e-05  5.77597e-14    -0.192945    -0.980567   -0.0355183
 -5.61743e-06  3.79955e-06  1.73093e-15   -0.0216064   -0.0319438     0.999256
    -0.977564     0.210101   -0.0150231      0.00000      0.00000      0.00000
    -0.209470    -0.977170   -0.0355183      0.00000      0.00000      0.00000
   -0.0221425   -0.0315745     0.999256      0.00000      0.00000      0.00000
  3.69469e-05  0.000171908 -2.14260e-14    -0.977564     0.210101   -0.0150231
 -0.000171838  3.68360e-05  5.77597e-14    -0.209470    -0.977170   -0.0355183
 -5.55248e-06  3.89384e-06  1.73093e-15   -0.0221425   -0.0315745     0.999256
    -0.973878     0.226573   -0.0150231      0.00000      0.00000      0.00000
    -0.225936    -0.973494   -0.0355183      0.00000      0.00000      0.00000
   -0.0226724   -0.0311962     0.999256      0.00000      0.00000      0.00000
  3.98437e-05  0.000171260 -2.14260e-14    -0.973878     0.226573   -0.0150231
 -0.000171192  3.97316e-05  5.77598e-14    -0.225936    -0.973494   -0.0355183
 -5.48596e-06  3.98702e-06  1.73093e-15   -0.0226724   -0.0311962     0.999256
    -0.969915     0.242981   -0.0150231      0.00000      0.00000      0.00000
    -0.242338    -0.969542   -0.0355183      0.00000      0.00000      0.00000
   -0.0231958   -0.0308091     0.999256      0.00000      0.00000      0.00000
  4.27290e-05  0.000170563 -2.14260e-14    -0.969915     0.242981   -0.0150231
 -0.000170497  4.26159e-05  5.77598e-14    -0.242338    -0.969542   -0.0355183
 -5.41787e-06  4.07906e-06  1.73093e-15   -0.0231958   -0.0308091     0.999256
    -0.965675     0.259320   -0.0150231      0.00000      0.00000      0.00000
    -0.258670    -0.965313   -0.0355183      0.00000      0.00000      0.00000
   -0.0237126   -0.0304131     0.999256      0.00000      0.00000      0.00000
  4.56022e-05  0.000169817 -2.14259e-14    -0.965675     0.259320   -0.0150231
 -0.000169753  4.54880e-05  5.77599e-14    -0.258670    -0.965313   -0.0355183
 -5.34824e-06  4.16994e-06  1.73094e-15   -0.0237126   -0.0304131     0.999256
    -0.961159     0.275585   -0.0150231      0.00000      0.00000      0.00000
    -0.274929    -0.960808   -0.0355183      0.00000      0.00000      0.00000
   -0.0242226   -0.0300085     0.999256      0.00000      0.00000      0.00000
  4.84624e-05  0.000169023 -2.14259e-14    -0.961159     0.275585   -0.0150231
 -0.000168961  4.83471e-05  5.77599e-14    -0.274929    -0.960808   -0.0355183
 -5.27709e-06  4.25963e-06  1.73094e-15   -0.0242226   -0.0300085     0.999256
    -0.956370     0.291771   -0.0150231      0.00000      0.00000      0.00000
    -0.291109    -0.956030   -0.0355183      0.00000      0.00000      0.00000
   -0.0247257   -0.0295953     0.999256      0.00000      0.00000      0.00000
  5.13088e-05  0.000168181 -2.14258e-14    -0.956370     0.291771   -0.0150231
 -0.000168121  5.11925e-05  5.77600e-14    -0.291109    -0.956030   -0.0355183
 -5.20443e-06  4.34810e-06  1.73094e-15   -0.0247257   -0.0295953     0.999256
    -0.951309     0.307874   -0.0150231      0.00000      0.00000      0.00000
    -0.307206    -0.950980   -0.0355183      0.00000      0.00000      0.00000
   -0.0252218   -0.0291737     0.999256      0.00000      0.00000      0.00000
  5.41406e-05  0.000167291 -2.14258e-14    -0.951309     0.307874   -0.0150231
 -0.000167233  5.40232e-05  5.77601e-14    -0.307206    -0.950980   -0.0355183
 -5.13029e-06  4.43534e-06  1.73095e-15   -0.0252218   -0.0291737     0.999256
    -0.945976     0.323889   -0.0150231      0.00000      0.00000      0.00000
    -0.323216    -0.945658   -0.0355183      0.00000      0.00000      0.00000
   -0.0257107   -0.0287438     0.999256      0.00000      0.00000      0.00000
  5.69569e-05  0.000166353 -2.14257e-14    -0.945976     0.323889   -0.0150231
 -0.000166297  5.68386e-05  5.77601e-14    -0.323216    -0.945658   -0.0355183
 -5.05468e-06  4.52131e-06  1.73095e-15   -0.0257107   -0.0287438     0.999256
    -0.940373     0.339812   -0.0150231      0.00000      0.00000      0.00000
    -0.339134    -0.940067   -0.0355183      0.00000      0.00000      0.00000
   -0.0261923   -0.0283056     0.999256      0.00000      0.00000      0.00000
  5.97570e-05  0.000165368 -2.14257e-14    -0.940373     0.339812   -0.0150231
 -0.000165314  5.96378e-05  5.77602e-14    -0.339134    -0.940067   -0.0355183
 -4.97764e-06  4.60600e-06  1.73095e-15   -0.0261923   -0.0283056     0.999256
    -0.934503     0.355638   -0.0150231      0.00000      0.00000      0.00000
    -0.354955    -0.934208   -0.0355183      0.00000      0.00000      0.00000
   -0.0266664   -0.0278594     0.999256      0.00000      0.00000      0.00000
  6.25401e-05  0.000164335 -2.14256e-14    -0.934503     0.355638   -0.0150231
 -0.000164284  6.24200e-05  5.77602e-14    -0.354955    -0.934208   -0.0355183
 -4.89917e-06  4.68937e-06  1.73095e-15   -0.0266664   -0.0278594     0.999256
    -0.928366     0.371363   -0.0150231      0.00000      0.00000      0.00000
    -0.370675    -0.928083   -0.0355183      0.00000      0.00000      0.00000
   -0.0271329   -0.0274053     0.999256      0.00000      0.00000      0.00000
  6.53054e-05  0.000163256 -2.14256e-14    -0.928366     0.371363   -0.0150231
 -0.000163206  6.51844e-05  5.77603e-14    -0.370675    -0.928083   -0.0355183
 -4.81931e-06  4.77140e-06  1.73096e-15   -0.0271329   -0.0274053     0.999256
    -0.921965     0.386982   -0.0150231      0.00000      0.00000      0.00000
    -0.386289    -0.921694   -0.0355183      0.00000      0.00000      0.00000
   -0.0275916   -0.0269434     0.999256      0.00000      0.00000      0.00000
  6.80520e-05  0.000162131 -2.14256e-14    -0.921965     0.386982   -0.0150231
 -0.000162083  6.79302e-05  5.77603e-14    -0.386289    -0.921694   -0.0355183
 -4.73808e-06  4.85208e-06  1.73096e-15   -0.0275916   -0.0269434     0.999256
    -0.915301     0.402490   -0.0150231      0.00000      0.00000      0.00000
    -0.401793    -0.915041   -0.0355183      0.00000      0.00000      0.00000
   -0.0280425   -0.0264738     0.999256      0.00000      0.00000      0.00000
  7.07792e-05  0.000160959 -2.14255e-14    -0.915301     0.402490   -0.0150231
 -0.000160913  7.06566e-05  5.77604e-14    -0.401793    -0.915041   -0.0355183
 -4.65550e-06  4.93137e-06  1.73096e-15   -0.0280425   -0.0264738     0.999256
    -0.908376     0.417884   -0.0150231      0.00000      0.00000      0.00000
    -0.417183    -0.908128   -0.0355183      0.00000      0.00000      0.00000
   -0.0284854   -0.0259966     0.999256      0.00000      0.00000      0.00000
  7.34863e-05  0.000159741 -2.14255e-14    -0.908376     0.417884   -0.0150231
 -0.000159697  7.33630e-05  5.77605e-14    -0.417183    -0.908128   -0.0355183
 -4.57159e-06  5.00926e-06  1.73096e-15   -0.0284854   -0.0259966     0.999256
    -0.901192     0.433159   -0.0150231      0.00000      0.00000      0.00000
    -0.432454    -0.900956   -0.0355183      0.00000      0.00000      0.00000
   -0.0289202   -0.0255120     0.999256      0.00000      0.00000      0.00000
  7.61725e-05  0.000158478 -2.14254e-14    -0.901192     0.433159   -0.0150231
 -0.000158436  7.60484e-05  5.77605e-14    -0.432454    -0.900956   -0.0355183
 -4.48637e-06  5.08572e-06  1.73097e-15   -0.0289202   -0.0255120     0.999256
    -0.893752     0.448311   -0.0150231      0.00000      0.00000      0.00000
    -0.447601    -0.893528   -0.0355183      0.00000      0.00000      0.00000
   -0.0293468   -0.0250202     0.999256      0.00000      0.00000      0.00000
  7.88369e-05  0.000157169 -2.14254e-14    -0.893752     0.448311   -0.0150231
 -0.000157130  7.87121e-05  5.77606e-14    -0.447601    -0.893528   -0.0355183
 -4.39988e-06  5.16073e-06  1.73097e-15   -0.0293468   -0.0250202     0.999256
    -0.886056     0.463334   -0.0150231      0.00000      0.00000      0.00000
    -0.462621    -0.885844   -0.0355183      0.00000      0.00000      0.00000
   -0.0297650   -0.0245212     0.999256      0.00000      0.00000      0.00000
  8.14788e-05  0.000155816 -2.14253e-14    -0.886056     0.463334   -0.0150231
 -0.000155779  8.13534e-05  5.77606e-14    -0.462621    -0.885844   -0.0355183
 -4.31214e-06  5.23427e-06  1.73097e-15   -0.0297650   -0.0245212     0.999256
    -0.878108     0.478226   -0.0150231      0.00000      0.00000      0.00000
    -0.477509    -0.877908   -0.0355183      0.00000      0.00000      0.00000
   -0.0301747   -0.0240153     0.999256      0.00000      0.00000      0.00000
  8.40976e-05  0.000154418 -2.14253e-14    -0.878108     0.478226   -0.0150231
 -0.000154383  8.39716e-05  5.77607e-14    -0.477509    -0.877908   -0.0355183
 -4.22316e-06  5.30631e-06  1.73098e-15   -0.0301747   -0.0240153     0.999256
    -0.869910     0.492981   -0.0150231      0.00000      0.00000      0.00000
    -0.492261    -0.869722   -0.0355183      0.00000      0.00000      0.00000
   -0.0305758   -0.0235025     0.999256      0.00000      0.00000      0.00000
  8.66923e-05  0.000152977 -2.14253e-14    -0.869910     0.492981   -0.0150231
 -0.000152944  8.65657e-05  5.77607e-14    -0.492261    -0.869722   -0.0355183
 -4.13298e-06  5.37685e-06  1.73098e-15   -0.0305758   -0.0235025     0.999256
    -0.861464     0.507596   -0.0150231      0.00000      0.00000      0.00000
    -0.506873    -0.861289   -0.0355183      0.00000      0.00000      0.00000
   -0.0309682   -0.0229830     0.999256      0.00000      0.00000      0.00000
  8.92624e-05  0.000151491 -2.14252e-14    -0.861464     0.507596   -0.0150231
 -0.000151460  8.91353e-05  5.77608e-14    -0.506873    -0.861289   -0.0355183
 -4.04163e-06  5.44585e-06  1.73098e-15   -0.0309682   -0.0229830     0.999256
    -0.852773     0.522066   -0.0150231      0.00000      0.00000      0.00000
    -0.521340    -0.852609   -0.0355183      0.00000      0.00000      0.00000
   -0.0313517   -0.0224569     0.999256      0.00000      0.00000      0.00000
  9.18070e-05  0.000149963 -2.14252e-14    -0.852773     0.522066   -0.0150231
 -0.000149934  9.16794e-05  5.77609e-14    -0.521340    -0.852609   -0.0355183
 -3.94912e-06  5.51331e-06  1.73098e-15   -0.0313517   -0.0224569     0.999256
    -0.843838     0.536387   -0.0150231      0.00000      0.00000      0.00000
    -0.535659    -0.843687   -0.0355183      0.00000      0.00000      0.00000
   -0.0317264   -0.0219245     0.999256      0.00000      0.00000      0.00000
  9.43254e-05  0.000148392 -2.14251e-14    -0.843838     0.536387   -0.0150231
 -0.000148365  9.41973e-05  5.77609e-14    -0.535659    -0.843687   -0.0355183
 -3.85549e-06  5.57918e-06  1.73099e-15   -0.0317264   -0.0219245     0.999256
    -0.834663     0.550556   -0.0150231      0.00000      0.00000      0.00000
    -0.549825    -0.834524   -0.0355183      0.00000      0.00000      0.00000
   -0.0320920   -0.0213858     0.999256      0.00000      0.00000      0.00000
  9.68170e-05  0.000146778 -2.14251e-14    -0.834663     0.550556   -0.0150231
 -0.000146754  9.66885e-05  5.77610e-14    -0.549825    -0.834524   -0.0355183
 -3.76075e-06  5.64347e-06  1.73099e-15   -0.0320920   -0.0213858     0.999256
    -0.825250     0.564567   -0.0150231      0.00000      0.00000      0.00000
    -0.563834    -0.825124   -0.0355183      0.00000      0.00000      0.00000
   -0.0324484   -0.0208410     0.999256      0.00000      0.00000      0.00000
  9.92810e-05  0.000145123 -2.14250e-14    -0.825250     0.564567   -0.0150231
 -0.000145101  9.91521e-05  5.77610e-14    -0.563834    -0.825124   -0.0355183
 -3.66495e-06  5.70616e-06  1.73099e-15   -0.0324484   -0.0208410     0.999256
    -0.815602     0.578418   -0.0150231      0.00000      0.00000      0.00000
    -0.577683    -0.815488   -0.0355183      0.00000      0.00000      0.00000
   -0.0327956   -0.0202902     0.999256      0.00000      0.00000      0.00000
  0.000101717  0.000143426 -2.14250e-14    -0.815602     0.578418   -0.0150231
 -0.000143406  0.000101587  5.77611e-14    -0.577683    -0.815488   -0.0355183
 -3.56810e-06  5.76721e-06  1.73099e-15   -0.0327956   -0.0202902     0.999256
    -0.805722     0.592104   -0.0150231      0.00000      0.00000      0.00000
    -0.591367    -0.805620   -0.0355183      0.00000      0.00000      0.00000
   -0.0331334   -0.0197337     0.999256      0.00000      0.00000      0.00000
  0.000104123  0.000141689 -2.14249e-14    -0.805722     0.592104   -0.0150231
 -0.000141671  0.000103994  5.77611e-14    -0.591367    -0.805620   -0.0355183
 -3.47024e-06  5.82662e-06  1.73100e-15   -0.0331334   -0.0197337     0.999256
    -0.795611     0.605621   -0.0150231      0.00000      0.00000      0.00000
    -0.604882    -0.795522   -0.0355183      0.00000      0.00000      0.00000
   -0.0334618   -0.0191716     0.999256      0.00000      0.00000      0.00000
  0.000106500  0.000139911 -2.14249e-14    -0.795611     0.605621   -0.0150231
 -0.000139895  0.000106371  5.77612e-14    -0.604882    -0.795522   -0.0355183
 -3.37138e-06  5.88437e-06  1.73100e-15   -0.0334618   -0.0191716     0.999256
    -0.785274     0.618966   -0.0150231      0.00000      0.00000      0.00000
    -0.618226    -0.785198   -0.0355183      0.00000      0.00000      0.00000
   -0.0337807   -0.0186040     0.999256      0.00000      0.00000      0.00000
  0.000108847  0.000138093 -2.14249e-14    -0.785274     0.618966   -0.0150231
 -0.000138080  0.000108717  5.77613e-14    -0.618226    -0.785198   -0.0355183
 -3.27157e-06  5.94045e-06  1.73100e-15   -0.0337807   -0.0186040     0.999256
    -0.774714     0.632134   -0.0150231      0.00000      0.00000      0.00000
    -0.631392    -0.774650   -0.0355183      0.00000      0.00000      0.00000
   -0.0340900   -0.0180311     0.999256      0.00000      0.00000      0.00000
  0.000111163  0.000136236 -2.14248e-14    -0.774714     0.632134   -0.0150231
 -0.000136225  0.000111032  5.77613e-14    -0.631392    -0.774650   -0.0355183
 -3.17082e-06  5.99483e-06  1.73100e-15   -0.0340900   -0.0180311     0.999256
    -0.763932     0.645122   -0.0150231      0.00000      0.00000      0.00000
    -0.644379    -0.763881   -0.0355183      0.00000      0.00000      0.00000
   -0.0343895   -0.0174530     0.999256      0.00000      0.00000      0.00000
  0.000113447  0.000134340 -2.14248e-14    -0.763932     0.645122   -0.0150231
 -0.000134331  0.000113316  5.77614e-14    -0.644379    -0.763881   -0.0355183
 -3.06917e-06  6.04750e-06  1.73101e-15   -0.0343895   -0.0174530     0.999256
    -0.752933     0.657926   -0.0150231      0.00000      0.00000      0.00000
    -0.657183    -0.752894   -0.0355183      0.00000      0.00000      0.00000
   -0.0346792   -0.0168700     0.999256      0.00000      0.00000      0.00000
  0.000115698  0.000132406 -2.14247e-14    -0.752933     0.657926   -0.0150231
 -0.000132399  0.000115568  5.77614e-14    -0.657183    -0.752894   -0.0355183
 -2.96664e-06  6.09845e-06  1.73101e-15   -0.0346792   -0.0168700     0.999256
    -0.741719     0.670542   -0.0150231      0.00000      0.00000      0.00000
    -0.669799    -0.741693   -0.0355183      0.00000      0.00000      0.00000
   -0.0349591   -0.0162822     0.999256      0.00000      0.00000      0.00000
  0.000117917  0.000130434 -2.14247e-14    -0.741719     0.670542   -0.0150231
 -0.000130429  0.000117786  5.77615e-14    -0.669799    -0.741693   -0.0355183
 -2.86327e-06  6.14766e-06  1.73101e-15   -0.0349591   -0.0162822     0.999256
    -0.730294     0.682968   -0.0150231      0.00000      0.00000      0.00000
    -0.682224    -0.730280   -0.0355183      0.00000      0.00000      0.00000
   -0.0352289   -0.0156897     0.999256      0.00000      0.00000      0.00000
  0.000120102  0.000128425 -2.14246e-14    -0.730294     0.682968   -0.0150231
 -0.000128422  0.000119971  5.77615e-14    -0.682224    -0.730280   -0.0355183
 -2.75908e-06  6.19512e-06  1.73102e-15   -0.0352289   -0.0156897     0.999256
    -0.718661     0.695199   -0.0150231      0.00000      0.00000      0.00000
    -0.694455    -0.718659   -0.0355183      0.00000      0.00000      0.00000
   -0.0354888   -0.0150928     0.999256      0.00000      0.00000      0.00000
  0.000122253  0.000126379 -2.14246e-14    -0.718661     0.695199   -0.0150231
 -0.000126379  0.000122122  5.77616e-14    -0.694455    -0.718659   -0.0355183
 -2.65411e-06  6.24081e-06  1.73102e-15   -0.0354888   -0.0150928     0.999256
    -0.706823     0.707231   -0.0150231      0.00000      0.00000      0.00000
    -0.706488    -0.706834   -0.0355183      0.00000      0.00000      0.00000
   -0.0357385   -0.0144915     0.999256      0.00000      0.00000      0.00000
  0.000124369  0.000124297 -2.14246e-14    -0.706823     0.707231   -0.0150231
 -0.000124299  0.000124238  5.77617e-14    -0.706488    -0.706834   -0.0355183
 -2.54838e-06  6.28473e-06  1.73102e-15   -0.0357385   -0.0144915     0.999256
    -0.694783     0.719063   -0.0150231      0.00000      0.00000      0.00000
    -0.718319    -0.694807   -0.0355183      0.00000      0.00000      0.00000
   -0.0359780   -0.0138861     0.999256      0.00000      0.00000      0.00000
  0.000126449  0.000122180 -2.14245e-14    -0.694783     0.719063   -0.0150231
 -0.000122184  0.000126319  5.77617e-14    -0.718319    -0.694807   -0.0355183
 -2.44192e-06  6.32685e-06  1.73102e-15   -0.0359780   -0.0138861     0.999256
    -0.682545     0.730689   -0.0150231      0.00000      0.00000      0.00000
    -0.729946    -0.682582   -0.0355183      0.00000      0.00000      0.00000
   -0.0362073   -0.0132768     0.999256      0.00000      0.00000      0.00000
  0.000128494  0.000120028 -2.14245e-14    -0.682545     0.730689   -0.0150231
 -0.000120034  0.000128363  5.77618e-14    -0.729946    -0.682582   -0.0355183
 -2.33477e-06  6.36717e-06  1.73103e-15   -0.0362073   -0.0132768     0.999256
    -0.670113     0.742107   -0.0150231      0.00000      0.00000      0.00000
    -0.741364    -0.670162   -0.0355183      0.00000      0.00000      0.00000
   -0.0364263   -0.0126637     0.999256      0.00000      0.00000      0.00000
  0.000130502  0.000117842 -2.14244e-14    -0.670113     0.742107   -0.0150231
 -0.000117850  0.000130371  5.77618e-14    -0.741364    -0.670162   -0.0355183
 -2.22695e-06  6.40568e-06  1.73103e-15   -0.0364263   -0.0126637     0.999256
    -0.657490     0.753313   -0.0150231      0.00000      0.00000      0.00000
    -0.752572    -0.657552   -0.0355183      0.00000      0.00000      0.00000
   -0.0366349   -0.0120470     0.999256      0.00000      0.00000      0.00000
  0.000132473  0.000115622 -2.14244e-14    -0.657490     0.753313   -0.0150231
 -0.000115633  0.000132342  5.77619e-14    -0.752572    -0.657552   -0.0355183
 -2.11850e-06  6.44236e-06  1.73103e-15   -0.0366349   -0.0120470     0.999256
    -0.644680     0.764305   -0.0150231      0.00000      0.00000      0.00000
    -0.763565    -0.644754   -0.0355183      0.00000      0.00000      0.00000
   -0.0368330   -0.0114268     0.999256      0.00000      0.00000      0.00000
  0.000134406  0.000113369 -2.14243e-14    -0.644680     0.764305   -0.0150231
 -0.000113382  0.000134275  5.77619e-14    -0.763565    -0.644754   -0.0355183
 -2.00944e-06  6.47721e-06  1.73103e-15   -0.0368330   -0.0114268     0.999256
    -0.631686     0.775079   -0.0150231      0.00000      0.00000      0.00000
    -0.774340    -0.631772   -0.0355183      0.00000      0.00000      0.00000
   -0.0370207   -0.0108034     0.999256      0.00000      0.00000      0.00000
  0.000136300  0.000111084 -2.14243e-14    -0.631686     0.775079   -0.0150231
 -0.000111099  0.000136170  5.77620e-14    -0.774340    -0.631772   -0.0355183
 -1.89982e-06  6.51020e-06  1.73104e-15   -0.0370207   -0.0108034     0.999256
    -0.618511     0.785632   -0.0150231      0.00000      0.00000      0.00000
    -0.784895    -0.618610   -0.0355183      0.00000      0.00000      0.00000
   -0.0371978   -0.0101769     0.999256      0.00000      0.00000      0.00000
  0.000138156  0.000108767 -2.14242e-14    -0.618511     0.785632   -0.0150231
 -0.000108785  0.000138026  5.77621e-14    -0.784895    -0.618610   -0.0355183
 -1.78965e-06  6.54135e-06  1.73104e-15   -0.0371978   -0.0101769     0.999256
    -0.605161     0.795961   -0.0150231      0.00000      0.00000      0.00000
    -0.795226    -0.605272   -0.0355183      0.00000      0.00000      0.00000
   -0.0373643  -0.00954754     0.999256      0.00000      0.00000      0.00000
  0.000139972  0.000106420 -2.14242e-14    -0.605161     0.795961   -0.0150231
 -0.000106439  0.000139843  5.77621e-14    -0.795226    -0.605272   -0.0355183
 -1.67897e-06  6.57063e-06  1.73104e-15   -0.0373643  -0.00954754     0.999256
    -0.591638     0.806064   -0.0150231      0.00000      0.00000      0.00000
    -0.805330    -0.591762   -0.0355183      0.00000      0.00000      0.00000
   -0.0375201  -0.00891543     0.999256      0.00000      0.00000      0.00000
  0.000141749  0.000104041 -2.14242e-14    -0.591638     0.806064   -0.0150231
 -0.000104063  0.000141620  5.77622e-14    -0.805330    -0.591762   -0.0355183
 -1.56781e-06  6.59803e-06  1.73105e-15   -0.0375201  -0.00891543     0.999256
    -0.577947     0.815936   -0.0150231      0.00000      0.00000      0.00000
    -0.815205    -0.578083   -0.0355183      0.00000      0.00000      0.00000
   -0.0376653  -0.00828078     0.999256      0.00000      0.00000      0.00000
  0.000143485  0.000101634 -2.14241e-14    -0.577947     0.815936   -0.0150231
 -0.000101658  0.000143356  5.77622e-14    -0.815205    -0.578083   -0.0355183
 -1.45620e-06  6.62356e-06  1.73105e-15   -0.0376653  -0.00828078     0.999256
    -0.564090     0.825576   -0.0150231      0.00000      0.00000      0.00000
    -0.824847    -0.564239   -0.0355183      0.00000      0.00000      0.00000
   -0.0377997  -0.00764377     0.999256      0.00000      0.00000      0.00000
  0.000145180  9.91971e-05 -2.14241e-14    -0.564090     0.825576   -0.0150231
 -9.92232e-05  0.000145052  5.77623e-14    -0.824847    -0.564239   -0.0355183
 -1.34418e-06  6.64720e-06  1.73105e-15   -0.0377997  -0.00764377     0.999256
    -0.550073     0.834981   -0.0150231      0.00000      0.00000      0.00000
    -0.834255    -0.550234   -0.0355183      0.00000      0.00000      0.00000
   -0.0379233  -0.00700458     0.999256      0.00000      0.00000      0.00000
  0.000146834  9.67322e-05 -2.14240e-14    -0.550073     0.834981   -0.0150231
 -9.67604e-05  0.000146706  5.77623e-14    -0.834255    -0.550234   -0.0355183
 -1.23178e-06  6.66894e-06  1.73105e-15   -0.0379233  -0.00700458     0.999256
    -0.535900     0.844148   -0.0150231      0.00000      0.00000      0.00000
    -0.843425    -0.536072   -0.0355183      0.00000      0.00000      0.00000
   -0.0380362  -0.00636339     0.999256      0.00000      0.00000      0.00000
  0.000148446  9.42397e-05 -2.14240e-14    -0.535900     0.844148   -0.0150231
 -9.42700e-05  0.000148319  5.77624e-14    -0.843425    -0.536072   -0.0355183
 -1.11902e-06  6.68879e-06  1.73106e-15   -0.0380362  -0.00636339     0.999256
    -0.521573     0.853074   -0.0150231      0.00000      0.00000      0.00000
    -0.852354    -0.521758   -0.0355183      0.00000      0.00000      0.00000
